Statistic	value          	income         	age            	rooms          	bedrooms       	pop            	hh             	
Min            	     60000.0000	         0.4999	         2.0000	        12.0000	         4.0000	        18.0000	         7.0000	
Max            	    500001.0000	         8.3014	        52.0000	      7099.0000	      2477.0000	      3469.0000	      2323.0000	
Mean           	    165278.4569	         2.2917	        43.5862	      1750.2155	       449.3879	       882.5000	       415.5776	
Median         	    141250.0000	         2.0187	        50.0000	      1449.0000	       344.0000	       705.0000	       317.0000	
1st Quartile   	    104500.0000	         1.3578	        38.0000	       896.0000	       209.0000	       496.0000	       187.0000	
3rd Quartile   	    213500.0000	         2.8345	        52.0000	      2202.0000	       482.0000	      1094.0000	       467.0000	
---------------------------------------------
Statistic	value          	income         	age            	rooms          	bedrooms       	pop            	hh             	
Min            	     14999.0000	         0.4999	         1.0000	         2.0000	         1.0000	         3.0000	         1.0000	
Max            	    500001.0000	        15.0001	        52.0000	     39320.0000	      6445.0000	     35682.0000	      6082.0000	
Mean           	    206623.4516	         3.8618	        28.7230	      2630.8140	       537.4034	      1422.4422	       499.0704	
Median         	    179500.0000	         3.5278	        29.0000	      2124.0000	       434.0000	      1164.0000	       409.0000	
1st Quartile   	    119400.0000	         2.5568	        18.0000	      1444.0000	       295.0000	       784.0000	       279.0000	
3rd Quartile   	    264500.0000	         4.7375	        37.0000	      3143.0000	       647.0000	      1722.0000	       604.0000	
---------------------------------------------
Statistic	value          	income         	age            	rooms          	bedrooms       	pop            	hh             	
Min            	     14999.0000	         0.4999	         1.0000	         2.0000	         1.0000	         3.0000	         1.0000	
Max            	    500001.0000	        15.0001	        52.0000	     39320.0000	      6445.0000	     35682.0000	      6082.0000	
Mean           	    206855.8169	         3.8707	        28.6395	      2635.7631	       537.8980	      1425.4767	       499.5397	
Median         	    179700.0000	         3.5348	        29.0000	      2127.0000	       435.0000	      1166.0000	       409.0000	
1st Quartile   	    119600.0000	         2.5625	        18.0000	      1447.0000	       295.0000	       787.0000	       280.0000	
3rd Quartile   	    264700.0000	         4.7431	        37.0000	      3148.0000	       647.0000	      1725.0000	       605.0000	
---------------------------------------------
Statistic	value          	income         	age            	rooms          	bedrooms       	pop            	hh             	
Min            	     14999.0000	         0.4999	         1.0000	         2.0000	         1.0000	         3.0000	         1.0000	
Max            	    500001.0000	        15.0001	        52.0000	     39320.0000	      6445.0000	     35682.0000	      6082.0000	
Mean           	    206855.8169	         3.8707	        28.6395	      2635.7631	       537.8980	      1425.4767	       499.5397	
Median         	    179700.0000	         3.5348	        29.0000	      2127.0000	       435.0000	      1166.0000	       409.0000	
1st Quartile   	    119600.0000	         2.5625	        18.0000	      1447.0000	       295.0000	       787.0000	       280.0000	
3rd Quartile   	    264700.0000	         4.7431	        37.0000	      3148.0000	       647.0000	      1725.0000	       605.0000	
---------------------------------------------
Statistic	value          	income         	age            	rooms          	bedrooms       	pop            	hh             	
Min            	     14999.0000	         0.4999	         1.0000	         2.0000	         1.0000	         3.0000	         1.0000	
Max            	    500001.0000	        15.0001	        52.0000	     39320.0000	      6445.0000	     35682.0000	      6082.0000	
Mean           	    206855.8169	         3.8707	        28.6395	      2635.7631	       537.8980	      1425.4767	       499.5397	
Median         	    179700.0000	         3.5348	        29.0000	      2127.0000	       435.0000	      1166.0000	       409.0000	
1st Quartile   	    119600.0000	         2.5625	        18.0000	      1447.0000	       295.0000	       787.0000	       280.0000	
3rd Quartile   	    264700.0000	         4.7431	        37.0000	      3148.0000	       647.0000	      1725.0000	       605.0000	
---------------------------------------------
Statistic	value          	income         	age            	rooms          	bedrooms       	pop            	hh             	
Min            	     14999.0000	         0.4999	         1.0000	         2.0000	         1.0000	         3.0000	         1.0000	
Max            	    500001.0000	        15.0001	        52.0000	     39320.0000	      6445.0000	     35682.0000	      6082.0000	
Mean           	    206855.8169	         3.8707	        28.6395	      2635.7631	       537.8980	      1425.4767	       499.5397	
Median         	    179700.0000	         3.5348	        29.0000	      2127.0000	       435.0000	      1166.0000	       409.0000	
1st Quartile   	    119600.0000	         2.5625	        18.0000	      1447.0000	       295.0000	       787.0000	       280.0000	
3rd Quartile   	    264700.0000	         4.7431	        37.0000	      3148.0000	       647.0000	      1725.0000	       605.0000	
---------------------------------------------
Statistic	value          	income         	age            	rooms          	bedrooms       	pop            	hh             	
Min            	     14999.0000	         0.4999	         1.0000	         2.0000	         1.0000	         3.0000	         1.0000	
Max            	    500001.0000	        15.0001	        52.0000	     39320.0000	      6445.0000	     35682.0000	      6082.0000	
Mean           	    206855.8169	         3.8707	        28.6395	      2635.7631	       537.8980	      1425.4767	       499.5397	
Median         	    179700.0000	         3.5348	        29.0000	      2127.0000	       435.0000	      1166.0000	       409.0000	
1st Quartile   	    119600.0000	         2.5625	        18.0000	      1447.0000	       295.0000	       787.0000	       280.0000	
3rd Quartile   	    264700.0000	         4.7431	        37.0000	      3148.0000	       647.0000	      1725.0000	       605.0000	
---------------------------------------------
Statistic	value          	income         	age            	rooms          	bedrooms       	pop            	hh             	
Min            	     14999.0000	         0.4999	         1.0000	         2.0000	         1.0000	         3.0000	         1.0000	
Max            	    500001.0000	        15.0001	        52.0000	     39320.0000	      6445.0000	     35682.0000	      6082.0000	
Mean           	    206855.8169	         3.8707	        28.6395	      2635.7631	       537.8980	      1425.4767	       499.5397	
Median         	    179700.0000	         3.5348	        29.0000	      2127.0000	       435.0000	      1166.0000	       409.0000	
1st Quartile   	    119600.0000	         2.5625	        18.0000	      1447.0000	       295.0000	       787.0000	       280.0000	
3rd Quartile   	    264700.0000	         4.7431	        37.0000	      3148.0000	       647.0000	      1725.0000	       605.0000	
---------------------------------------------
Statistic	value          	income         	age            	rooms          	bedrooms       	pop            	hh             	
Min            	     14999.0000	         0.4999	         1.0000	         2.0000	         1.0000	         3.0000	         1.0000	
Max            	    500001.0000	        15.0001	        52.0000	     39320.0000	      6445.0000	     35682.0000	      6082.0000	
Mean           	    206855.8169	         3.8707	        28.6395	      2635.7631	       537.8980	      1425.4767	       499.5397	
Median         	    179700.0000	         3.5348	        29.0000	      2127.0000	       435.0000	      1166.0000	       409.0000	
1st Quartile   	    119600.0000	         2.5625	        18.0000	      1447.0000	       295.0000	       787.0000	       280.0000	
3rd Quartile   	    264700.0000	         4.7431	        37.0000	      3148.0000	       647.0000	      1725.0000	       605.0000	
---------------------------------------------
Statistic	value          	income         	age            	rooms          	bedrooms       	pop            	hh             	
Min            	     14999.0000	         0.4999	         1.0000	         2.0000	         1.0000	         3.0000	         1.0000	
Max            	    500001.0000	        15.0001	        52.0000	     39320.0000	      6445.0000	     35682.0000	      6082.0000	
Mean           	    206855.8169	         3.8707	        28.6395	      2635.7631	       537.8980	      1425.4767	       499.5397	
Median         	    179700.0000	         3.5348	        29.0000	      2127.0000	       435.0000	      1166.0000	       409.0000	
1st Quartile   	    119600.0000	         2.5625	        18.0000	      1447.0000	       295.0000	       787.0000	       280.0000	
3rd Quartile   	    264700.0000	         4.7431	        37.0000	      3148.0000	       647.0000	      1725.0000	       605.0000	
---------------------------------------------
Statistic	value          	income         	age            	rooms          	bedrooms       	pop            	hh             	
Min            	     14999.0000	         0.4999	         1.0000	         2.0000	         1.0000	         3.0000	         1.0000	
Max            	    500001.0000	        15.0001	        52.0000	     39320.0000	      6445.0000	     35682.0000	      6082.0000	
Mean           	    206855.8169	         3.8707	        28.6395	      2635.7631	       537.8980	      1425.4767	       499.5397	
Median         	    179700.0000	         3.5348	        29.0000	      2127.0000	       435.0000	      1166.0000	       409.0000	
1st Quartile   	    119600.0000	         2.5625	        18.0000	      1447.0000	       295.0000	       787.0000	       280.0000	
3rd Quartile   	    264700.0000	         4.7431	        37.0000	      3148.0000	       647.0000	      1725.0000	       605.0000	
---------------------------------------------
Statistic	value          	income         	age            	rooms          	bedrooms       	pop            	hh             	
Min            	     14999.0000	         0.4999	         1.0000	         2.0000	         1.0000	         3.0000	         1.0000	
Max            	    500001.0000	        15.0001	        52.0000	     39320.0000	      6445.0000	     35682.0000	      6082.0000	
Mean           	    206855.8169	         3.8707	        28.6395	      2635.7631	       537.8980	      1425.4767	       499.5397	
Median         	    179700.0000	         3.5348	        29.0000	      2127.0000	       435.0000	      1166.0000	       409.0000	
1st Quartile   	    119600.0000	         2.5625	        18.0000	      1447.0000	       295.0000	       787.0000	       280.0000	
3rd Quartile   	    264700.0000	         4.7431	        37.0000	      3148.0000	       647.0000	      1725.0000	       605.0000	
---------------------------------------------
Statistic	value          	income         	age            	rooms          	bedrooms       	pop            	hh             	
Min            	     14999.0000	         0.4999	         1.0000	         2.0000	         1.0000	         3.0000	         1.0000	
Max            	    500001.0000	        15.0001	        52.0000	     39320.0000	      6445.0000	     35682.0000	      6082.0000	
Mean           	    206855.8169	         3.8707	        28.6395	      2635.7631	       537.8980	      1425.4767	       499.5397	
Median         	    179700.0000	         3.5348	        29.0000	      2127.0000	       435.0000	      1166.0000	       409.0000	
1st Quartile   	    119600.0000	         2.5625	        18.0000	      1447.0000	       295.0000	       787.0000	       280.0000	
3rd Quartile   	    264700.0000	         4.7431	        37.0000	      3148.0000	       647.0000	      1725.0000	       605.0000	
---------------------------------------------
Statistic	value          	income         	age            	rooms          	bedrooms       	pop            	hh             	
Min            	     14999.0000	         0.4999	         1.0000	         2.0000	         1.0000	         3.0000	         1.0000	
Max            	    500001.0000	        15.0001	        52.0000	     39320.0000	      6445.0000	     35682.0000	      6082.0000	
Mean           	    206855.8169	         3.8707	        28.6395	      2635.7631	       537.8980	      1425.4767	       499.5397	
Median         	    179700.0000	         3.5348	        29.0000	      2127.0000	       435.0000	      1166.0000	       409.0000	
1st Quartile   	    119600.0000	         2.5625	        18.0000	      1447.0000	       295.0000	       787.0000	       280.0000	
3rd Quartile   	    264700.0000	         4.7431	        37.0000	      3148.0000	       647.0000	      1725.0000	       605.0000	
---------------------------------------------
Statistic	value          	income         	age            	rooms          	bedrooms       	pop            	hh             	
Min            	     14999.0000	         0.4999	         1.0000	         2.0000	         1.0000	         3.0000	         1.0000	
Max            	    500001.0000	        15.0001	        52.0000	     39320.0000	      6445.0000	     35682.0000	      6082.0000	
Mean           	    206855.8169	         3.8707	        28.6395	      2635.7631	       537.8980	      1425.4767	       499.5397	
Median         	    179700.0000	         3.5348	        29.0000	      2127.0000	       435.0000	      1166.0000	       409.0000	
1st Quartile   	    119600.0000	         2.5625	        18.0000	      1447.0000	       295.0000	       787.0000	       280.0000	
3rd Quartile   	    264700.0000	         4.7431	        37.0000	      3148.0000	       647.0000	      1725.0000	       605.0000	
---------------------------------------------
Statistic	value          	income         	age            	rooms          	bedrooms       	pop            	hh             	
Min            	     14999.0000	         0.4999	         1.0000	         2.0000	         1.0000	         3.0000	         1.0000	
Max            	    500001.0000	        15.0001	        52.0000	     39320.0000	      6445.0000	     35682.0000	      6082.0000	
Mean           	    206855.8169	         3.8707	        28.6395	      2635.7631	       537.8980	      1425.4767	       499.5397	
Median         	    179700.0000	         3.5348	        29.0000	      2127.0000	       435.0000	      1166.0000	       409.0000	
1st Quartile   	    119600.0000	         2.5625	        18.0000	      1447.0000	       295.0000	       787.0000	       280.0000	
3rd Quartile   	    264700.0000	         4.7431	        37.0000	      3148.0000	       647.0000	      1725.0000	       605.0000	
---------------------------------------------
Statistic	value          	income         	age            	rooms          	bedrooms       	pop            	hh             	
Min            	     14999.0000	         0.4999	         1.0000	         2.0000	         1.0000	         3.0000	         1.0000	
Max            	    500001.0000	        15.0001	        52.0000	     39320.0000	      6445.0000	     35682.0000	      6082.0000	
Mean           	    206855.8169	         3.8707	        28.6395	      2635.7631	       537.8980	      1425.4767	       499.5397	
Median         	    179700.0000	         3.5348	        29.0000	      2127.0000	       435.0000	      1166.0000	       409.0000	
1st Quartile   	    119600.0000	         2.5625	        18.0000	      1447.0000	       295.0000	       787.0000	       280.0000	
3rd Quartile   	    264700.0000	         4.7431	        37.0000	      3148.0000	       647.0000	      1725.0000	       605.0000	
---------------------------------------------
Statistic	value          	income         	age            	rooms          	bedrooms       	pop            	hh             	
Min            	     14999.0000	         0.4999	         1.0000	         2.0000	         1.0000	         3.0000	         1.0000	
Max            	    500001.0000	        15.0001	        52.0000	     39320.0000	      6445.0000	     35682.0000	      6082.0000	
Mean           	    206855.8169	         3.8707	        28.6395	      2635.7631	       537.8980	      1425.4767	       499.5397	
Median         	    179700.0000	         3.5348	        29.0000	      2127.0000	       435.0000	      1166.0000	       409.0000	
1st Quartile   	    119600.0000	         2.5625	        18.0000	      1447.0000	       295.0000	       787.0000	       280.0000	
3rd Quartile   	    264700.0000	         4.7431	        37.0000	      3148.0000	       647.0000	      1725.0000	       605.0000	
---------------------------------------------
Statistic	value          	income         	age            	rooms          	bedrooms       	pop            	hh             	
Min            	     14999.0000	         0.4999	         1.0000	         2.0000	         1.0000	         3.0000	         1.0000	
Max            	    500001.0000	        15.0001	        52.0000	     39320.0000	      6445.0000	     35682.0000	      6082.0000	
Mean           	    206855.8169	         3.8707	        28.6395	      2635.7631	       537.8980	      1425.4767	       499.5397	
Median         	    179700.0000	         3.5348	        29.0000	      2127.0000	       435.0000	      1166.0000	       409.0000	
1st Quartile   	    119600.0000	         2.5625	        18.0000	      1447.0000	       295.0000	       787.0000	       280.0000	
3rd Quartile   	    264700.0000	         4.7431	        37.0000	      3148.0000	       647.0000	      1725.0000	       605.0000	
---------------------------------------------
Statistic	value          	income         	age            	rooms          	bedrooms       	pop            	hh             	
Min            	     14999.0000	         0.4999	         1.0000	         2.0000	         1.0000	         3.0000	         1.0000	
Max            	    500001.0000	        15.0001	        52.0000	     39320.0000	      6445.0000	     35682.0000	      6082.0000	
Mean           	    206855.8169	         3.8707	        28.6395	      2635.7631	       537.8980	      1425.4767	       499.5397	
Median         	    179700.0000	         3.5348	        29.0000	      2127.0000	       435.0000	      1166.0000	       409.0000	
1st Quartile   	    119600.0000	         2.5625	        18.0000	      1447.0000	       295.0000	       787.0000	       280.0000	
3rd Quartile   	    264700.0000	         4.7431	        37.0000	      3148.0000	       647.0000	      1725.0000	       605.0000	
---------------------------------------------
Statistic	value          	income         	age            	rooms          	bedrooms       	pop            	hh             	
Min            	     14999.0000	         0.4999	         1.0000	         2.0000	         1.0000	         3.0000	         1.0000	
Max            	    500001.0000	        15.0001	        52.0000	     39320.0000	      6445.0000	     35682.0000	      6082.0000	
Mean           	    206855.8169	         3.8707	        28.6395	      2635.7631	       537.8980	      1425.4767	       499.5397	
Median         	    179700.0000	         3.5348	        29.0000	      2127.0000	       435.0000	      1166.0000	       409.0000	
1st Quartile   	    119600.0000	         2.5625	        18.0000	      1447.0000	       295.0000	       787.0000	       280.0000	
3rd Quartile   	    264700.0000	         4.7431	        37.0000	      3148.0000	       647.0000	      1725.0000	       605.0000	
---------------------------------------------
Statistic	value          	income         	age            	rooms          	bedrooms       	pop            	hh             	
Min            	     14999.0000	         0.4999	         1.0000	         2.0000	         1.0000	         3.0000	         1.0000	
Max            	    500001.0000	        15.0001	        52.0000	     39320.0000	      6445.0000	     35682.0000	      6082.0000	
Mean           	    206855.8169	         3.8707	        28.6395	      2635.7631	       537.8980	      1425.4767	       499.5397	
Median         	    179700.0000	         3.5348	        29.0000	      2127.0000	       435.0000	      1166.0000	       409.0000	
1st Quartile   	    119600.0000	         2.5625	        18.0000	      1447.0000	       295.0000	       787.0000	       280.0000	
3rd Quartile   	    264700.0000	         4.7431	        37.0000	      3148.0000	       647.0000	      1725.0000	       605.0000	
---------------------------------------------
Statistic	value          	income         	age            	rooms          	bedrooms       	pop            	hh             	
Min            	     14999.0000	         0.4999	         1.0000	         2.0000	         1.0000	         3.0000	         1.0000	
Max            	    500001.0000	        15.0001	        52.0000	     39320.0000	      6445.0000	     35682.0000	      6082.0000	
Mean           	    206855.8169	         3.8707	        28.6395	      2635.7631	       537.8980	      1425.4767	       499.5397	
Median         	    179700.0000	         3.5348	        29.0000	      2127.0000	       435.0000	      1166.0000	       409.0000	
1st Quartile   	    119600.0000	         2.5625	        18.0000	      1447.0000	       295.0000	       787.0000	       280.0000	
3rd Quartile   	    264700.0000	         4.7431	        37.0000	      3148.0000	       647.0000	      1725.0000	       605.0000	
---------------------------------------------
Statistic	value          	income         	age            	rooms          	bedrooms       	pop            	hh             	
Min            	     14999.0000	         0.4999	         1.0000	         2.0000	         1.0000	         3.0000	         1.0000	
Max            	    500001.0000	        15.0001	        52.0000	     39320.0000	      6445.0000	     35682.0000	      6082.0000	
Mean           	    206855.8169	         3.8707	        28.6395	      2635.7631	       537.8980	      1425.4767	       499.5397	
Median         	    179700.0000	         3.5348	        29.0000	      2127.0000	       435.0000	      1166.0000	       409.0000	
1st Quartile   	    119600.0000	         2.5625	        18.0000	      1447.0000	       295.0000	       787.0000	       280.0000	
3rd Quartile   	    264700.0000	         4.7431	        37.0000	      3148.0000	       647.0000	      1725.0000	       605.0000	
---------------------------------------------
Statistic	value          	income         	age            	rooms          	bedrooms       	pop            	hh             	
Min            	     14999.0000	         0.4999	         1.0000	         2.0000	         1.0000	         3.0000	         1.0000	
Max            	    500001.0000	        15.0001	        52.0000	     39320.0000	      6445.0000	     35682.0000	      6082.0000	
Mean           	    206855.8169	         3.8707	        28.6395	      2635.7631	       537.8980	      1425.4767	       499.5397	
Median         	    179700.0000	         3.5348	        29.0000	      2127.0000	       435.0000	      1166.0000	       409.0000	
1st Quartile   	    119600.0000	         2.5625	        18.0000	      1447.0000	       295.0000	       787.0000	       280.0000	
3rd Quartile   	    264700.0000	         4.7431	        37.0000	      3148.0000	       647.0000	      1725.0000	       605.0000	
---------------------------------------------
Statistic	value          	income         	age            	rooms          	bedrooms       	pop            	hh             	
Min            	     14999.0000	         0.4999	         1.0000	         2.0000	         1.0000	         3.0000	         1.0000	
Max            	    500001.0000	        15.0001	        52.0000	     39320.0000	      6445.0000	     35682.0000	      6082.0000	
Mean           	    206855.8169	         3.8707	        28.6395	      2635.7631	       537.8980	      1425.4767	       499.5397	
Median         	    179700.0000	         3.5348	        29.0000	      2127.0000	       435.0000	      1166.0000	       409.0000	
1st Quartile   	    119600.0000	         2.5625	        18.0000	      1447.0000	       295.0000	       787.0000	       280.0000	
3rd Quartile   	    264700.0000	         4.7431	        37.0000	      3148.0000	       647.0000	      1725.0000	       605.0000	
---------------------------------------------
Statistic	value          	income         	age            	rooms          	bedrooms       	pop            	hh             	
Min            	     14999.0000	         0.4999	         1.0000	         2.0000	         1.0000	         3.0000	         1.0000	
Max            	    500001.0000	        15.0001	        52.0000	     39320.0000	      6445.0000	     35682.0000	      6082.0000	
Mean           	    206855.8169	         3.8707	        28.6395	      2635.7631	       537.8980	      1425.4767	       499.5397	
Median         	    179700.0000	         3.5348	        29.0000	      2127.0000	       435.0000	      1166.0000	       409.0000	
1st Quartile   	    119600.0000	         2.5625	        18.0000	      1447.0000	       295.0000	       787.0000	       280.0000	
3rd Quartile   	    264700.0000	         4.7431	        37.0000	      3148.0000	       647.0000	      1725.0000	       605.0000	
---------------------------------------------
Statistic	value          	income         	age            	rooms          	bedrooms       	pop            	hh             	
Min            	     14999.0000	         0.4999	         1.0000	         2.0000	         1.0000	         3.0000	         1.0000	
Max            	    500001.0000	        15.0001	        52.0000	     39320.0000	      6445.0000	     35682.0000	      6082.0000	
Mean           	    206855.8169	         3.8707	        28.6395	      2635.7631	       537.8980	      1425.4767	       499.5397	
Median         	    179700.0000	         3.5348	        29.0000	      2127.0000	       435.0000	      1166.0000	       409.0000	
1st Quartile   	    119600.0000	         2.5625	        18.0000	      1447.0000	       295.0000	       787.0000	       280.0000	
3rd Quartile   	    264700.0000	         4.7431	        37.0000	      3148.0000	       647.0000	      1725.0000	       605.0000	
---------------------------------------------
Statistic	value          	income         	age            	rooms          	bedrooms       	pop            	hh             	
Min            	     14999.0000	         0.4999	         1.0000	         2.0000	         1.0000	         3.0000	         1.0000	
Max            	    500001.0000	        15.0001	        52.0000	     39320.0000	      6445.0000	     35682.0000	      6082.0000	
Mean           	    206855.8169	         3.8707	        28.6395	      2635.7631	       537.8980	      1425.4767	       499.5397	
Median         	    179700.0000	         3.5348	        29.0000	      2127.0000	       435.0000	      1166.0000	       409.0000	
1st Quartile   	    119600.0000	         2.5625	        18.0000	      1447.0000	       295.0000	       787.0000	       280.0000	
3rd Quartile   	    264700.0000	         4.7431	        37.0000	      3148.0000	       647.0000	      1725.0000	       605.0000	
---------------------------------------------
Statistic	value          	income         	age            	rooms          	bedrooms       	pop            	hh             	
Min            	     14999.0000	         0.4999	         1.0000	         2.0000	         1.0000	         3.0000	         1.0000	
Max            	    500001.0000	        15.0001	        52.0000	     39320.0000	      6445.0000	     35682.0000	      6082.0000	
Mean           	    206855.8169	         3.8707	        28.6395	      2635.7631	       537.8980	      1425.4767	       499.5397	
Median         	    179700.0000	         3.5348	        29.0000	      2127.0000	       435.0000	      1166.0000	       409.0000	
1st Quartile   	    119600.0000	         2.5625	        18.0000	      1447.0000	       295.0000	       787.0000	       280.0000	
3rd Quartile   	    264700.0000	         4.7431	        37.0000	      3148.0000	       647.0000	      1725.0000	       605.0000	
---------------------------------------------
Statistic	value          	income         	age            	rooms          	bedrooms       	pop            	hh             	
Min            	     14999.0000	         0.4999	         1.0000	         2.0000	         1.0000	         3.0000	         1.0000	
Max            	    500001.0000	        15.0001	        52.0000	     39320.0000	      6445.0000	     35682.0000	      6082.0000	
Mean           	    206855.8169	         3.8707	        28.6395	      2635.7631	       537.8980	      1425.4767	       499.5397	
Median         	    179700.0000	         3.5348	        29.0000	      2127.0000	       435.0000	      1166.0000	       409.0000	
1st Quartile   	    119600.0000	         2.5625	        18.0000	      1447.0000	       295.0000	       787.0000	       280.0000	
3rd Quartile   	    264700.0000	         4.7431	        37.0000	      3148.0000	       647.0000	      1725.0000	       605.0000	
---------------------------------------------
Statistic	value          	income         	age            	rooms          	bedrooms       	pop            	hh             	
Min            	     14999.0000	         0.4999	         1.0000	         2.0000	         1.0000	         3.0000	         1.0000	
Max            	    500001.0000	        15.0001	        52.0000	     39320.0000	      6445.0000	     35682.0000	      6082.0000	
Mean           	    206855.8169	         3.8707	        28.6395	      2635.7631	       537.8980	      1425.4767	       499.5397	
Median         	    179700.0000	         3.5348	        29.0000	      2127.0000	       435.0000	      1166.0000	       409.0000	
1st Quartile   	    119600.0000	         2.5625	        18.0000	      1447.0000	       295.0000	       787.0000	       280.0000	
3rd Quartile   	    264700.0000	         4.7431	        37.0000	      3148.0000	       647.0000	      1725.0000	       605.0000	
---------------------------------------------
Statistic	value          	income         	age            	rooms          	bedrooms       	pop            	hh             	
Min            	     14999.0000	         0.4999	         1.0000	         2.0000	         1.0000	         3.0000	         1.0000	
Max            	    500001.0000	        15.0001	        52.0000	     39320.0000	      6445.0000	     35682.0000	      6082.0000	
Mean           	    206855.8169	         3.8707	        28.6395	      2635.7631	       537.8980	      1425.4767	       499.5397	
Median         	    179700.0000	         3.5348	        29.0000	      2127.0000	       435.0000	      1166.0000	       409.0000	
1st Quartile   	    119600.0000	         2.5625	        18.0000	      1447.0000	       295.0000	       787.0000	       280.0000	
3rd Quartile   	    264700.0000	         4.7431	        37.0000	      3148.0000	       647.0000	      1725.0000	       605.0000	
---------------------------------------------
Statistic	value          	income         	age            	rooms          	bedrooms       	pop            	hh             	
Min            	     14999.0000	         0.4999	         1.0000	         2.0000	         1.0000	         3.0000	         1.0000	
Max            	    500001.0000	        15.0001	        52.0000	     39320.0000	      6445.0000	     35682.0000	      6082.0000	
Mean           	    206855.8169	         3.8707	        28.6395	      2635.7631	       537.8980	      1425.4767	       499.5397	
Median         	    179700.0000	         3.5348	        29.0000	      2127.0000	       435.0000	      1166.0000	       409.0000	
1st Quartile   	    119600.0000	         2.5625	        18.0000	      1447.0000	       295.0000	       787.0000	       280.0000	
3rd Quartile   	    264700.0000	         4.7431	        37.0000	      3148.0000	       647.0000	      1725.0000	       605.0000	
---------------------------------------------
Statistic	value          	income         	age            	rooms          	bedrooms       	pop            	hh             	
Min            	     14999.0000	         0.4999	         1.0000	         2.0000	         1.0000	         3.0000	         1.0000	
Max            	    500001.0000	        15.0001	        52.0000	     39320.0000	      6445.0000	     35682.0000	      6082.0000	
Mean           	    206855.8169	         3.8707	        28.6395	      2635.7631	       537.8980	      1425.4767	       499.5397	
Median         	    179700.0000	         3.5348	        29.0000	      2127.0000	       435.0000	      1166.0000	       409.0000	
1st Quartile   	    119600.0000	         2.5625	        18.0000	      1447.0000	       295.0000	       787.0000	       280.0000	
3rd Quartile   	    264700.0000	         4.7431	        37.0000	      3148.0000	       647.0000	      1725.0000	       605.0000	
---------------------------------------------
Statistic	value          	income         	age            	rooms          	bedrooms       	pop            	hh             	
Min            	     14999.0000	         0.4999	         1.0000	         2.0000	         1.0000	         3.0000	         1.0000	
Max            	    500001.0000	        15.0001	        52.0000	     39320.0000	      6445.0000	     35682.0000	      6082.0000	
Mean           	    206855.8169	         3.8707	        28.6395	      2635.7631	       537.8980	      1425.4767	       499.5397	
Median         	    179700.0000	         3.5348	        29.0000	      2127.0000	       435.0000	      1166.0000	       409.0000	
1st Quartile   	    119600.0000	         2.5625	        18.0000	      1447.0000	       295.0000	       787.0000	       280.0000	
3rd Quartile   	    264700.0000	         4.7431	        37.0000	      3148.0000	       647.0000	      1725.0000	       605.0000	
---------------------------------------------
Statistic	value          	income         	age            	rooms          	bedrooms       	pop            	hh             	
Min            	     14999.0000	         0.4999	         1.0000	         2.0000	         1.0000	         3.0000	         1.0000	
Max            	    500001.0000	        15.0001	        52.0000	     39320.0000	      6445.0000	     35682.0000	      6082.0000	
Mean           	    206855.8169	         3.8707	        28.6395	      2635.7631	       537.8980	      1425.4767	       499.5397	
Median         	    179700.0000	         3.5348	        29.0000	      2127.0000	       435.0000	      1166.0000	       409.0000	
1st Quartile   	    119600.0000	         2.5625	        18.0000	      1447.0000	       295.0000	       787.0000	       280.0000	
3rd Quartile   	    264700.0000	         4.7431	        37.0000	      3148.0000	       647.0000	      1725.0000	       605.0000	
---------------------------------------------
Statistic	value          	income         	age            	rooms          	bedrooms       	pop            	hh             	
Min            	     14999.0000	         0.4999	         1.0000	         2.0000	         1.0000	         3.0000	         1.0000	
Max            	    500001.0000	        15.0001	        52.0000	     39320.0000	      6445.0000	     35682.0000	      6082.0000	
Mean           	    206855.8169	         3.8707	        28.6395	      2635.7631	       537.8980	      1425.4767	       499.5397	
Median         	    179700.0000	         3.5348	        29.0000	      2127.0000	       435.0000	      1166.0000	       409.0000	
1st Quartile   	    119600.0000	         2.5625	        18.0000	      1447.0000	       295.0000	       787.0000	       280.0000	
3rd Quartile   	    264700.0000	         4.7431	        37.0000	      3148.0000	       647.0000	      1725.0000	       605.0000	
---------------------------------------------
Statistic	value          	income         	age            	rooms          	bedrooms       	pop            	hh             	
Min            	     14999.0000	         0.4999	         1.0000	         2.0000	         1.0000	         3.0000	         1.0000	
Max            	    500001.0000	        15.0001	        52.0000	     39320.0000	      6445.0000	     35682.0000	      6082.0000	
Mean           	    206855.8169	         3.8707	        28.6395	      2635.7631	       537.8980	      1425.4767	       499.5397	
Median         	    179700.0000	         3.5348	        29.0000	      2127.0000	       435.0000	      1166.0000	       409.0000	
1st Quartile   	    119600.0000	         2.5625	        18.0000	      1447.0000	       295.0000	       787.0000	       280.0000	
3rd Quartile   	    264700.0000	         4.7431	        37.0000	      3148.0000	       647.0000	      1725.0000	       605.0000	
---------------------------------------------
Statistic	value          	income         	age            	rooms          	bedrooms       	pop            	hh             	
Min            	     14999.0000	         0.4999	         1.0000	         2.0000	         1.0000	         3.0000	         1.0000	
Max            	    500001.0000	        15.0001	        52.0000	     39320.0000	      6445.0000	     35682.0000	      6082.0000	
Mean           	    206855.8169	         3.8707	        28.6395	      2635.7631	       537.8980	      1425.4767	       499.5397	
Median         	    179700.0000	         3.5348	        29.0000	      2127.0000	       435.0000	      1166.0000	       409.0000	
1st Quartile   	    119600.0000	         2.5625	        18.0000	      1447.0000	       295.0000	       787.0000	       280.0000	
3rd Quartile   	    264700.0000	         4.7431	        37.0000	      3148.0000	       647.0000	      1725.0000	       605.0000	
---------------------------------------------
Statistic	value          	income         	age            	rooms          	bedrooms       	pop            	hh             	
Min            	     14999.0000	         0.4999	         1.0000	         2.0000	         1.0000	         3.0000	         1.0000	
Max            	    500001.0000	        15.0001	        52.0000	     39320.0000	      6445.0000	     35682.0000	      6082.0000	
Mean           	    206855.8169	         3.8707	        28.6395	      2635.7631	       537.8980	      1425.4767	       499.5397	
Median         	    179700.0000	         3.5348	        29.0000	      2127.0000	       435.0000	      1166.0000	       409.0000	
1st Quartile   	    119600.0000	         2.5625	        18.0000	      1447.0000	       295.0000	       787.0000	       280.0000	
3rd Quartile   	    264700.0000	         4.7431	        37.0000	      3148.0000	       647.0000	      1725.0000	       605.0000	
---------------------------------------------
Statistic	value          	income         	age            	rooms          	bedrooms       	pop            	hh             	
Min            	     14999.0000	         0.4999	         1.0000	         2.0000	         1.0000	         3.0000	         1.0000	
Max            	    500001.0000	        15.0001	        52.0000	     39320.0000	      6445.0000	     35682.0000	      6082.0000	
Mean           	    206855.8169	         3.8707	        28.6395	      2635.7631	       537.8980	      1425.4767	       499.5397	
Median         	    179700.0000	         3.5348	        29.0000	      2127.0000	       435.0000	      1166.0000	       409.0000	
1st Quartile   	    119600.0000	         2.5625	        18.0000	      1447.0000	       295.0000	       787.0000	       280.0000	
3rd Quartile   	    264700.0000	         4.7431	        37.0000	      3148.0000	       647.0000	      1725.0000	       605.0000	
---------------------------------------------
Statistic	value          	income         	age            	rooms          	bedrooms       	pop            	hh             	
Min            	     14999.0000	         0.4999	         1.0000	         2.0000	         1.0000	         3.0000	         1.0000	
Max            	    500001.0000	        15.0001	        52.0000	     39320.0000	      6445.0000	     35682.0000	      6082.0000	
Mean           	    206855.8169	         3.8707	        28.6395	      2635.7631	       537.8980	      1425.4767	       499.5397	
Median         	    179700.0000	         3.5348	        29.0000	      2127.0000	       435.0000	      1166.0000	       409.0000	
1st Quartile   	    119600.0000	         2.5625	        18.0000	      1447.0000	       295.0000	       787.0000	       280.0000	
3rd Quartile   	    264700.0000	         4.7431	        37.0000	      3148.0000	       647.0000	      1725.0000	       605.0000	
---------------------------------------------
Statistic	value          	income         	age            	rooms          	bedrooms       	pop            	hh             	
Min            	     14999.0000	         0.4999	         1.0000	         2.0000	         1.0000	         3.0000	         1.0000	
Max            	    500001.0000	        15.0001	        52.0000	     39320.0000	      6445.0000	     35682.0000	      6082.0000	
Mean           	    206855.8169	         3.8707	        28.6395	      2635.7631	       537.8980	      1425.4767	       499.5397	
Median         	    179700.0000	         3.5348	        29.0000	      2127.0000	       435.0000	      1166.0000	       409.0000	
1st Quartile   	    119600.0000	         2.5625	        18.0000	      1447.0000	       295.0000	       787.0000	       280.0000	
3rd Quartile   	    264700.0000	         4.7431	        37.0000	      3148.0000	       647.0000	      1725.0000	       605.0000	
---------------------------------------------
Statistic	value          	income         	age            	rooms          	bedrooms       	pop            	hh             	
Min            	     14999.0000	         0.4999	         1.0000	         2.0000	         1.0000	         3.0000	         1.0000	
Max            	    500001.0000	        15.0001	        52.0000	     39320.0000	      6445.0000	     35682.0000	      6082.0000	
Mean           	    206855.8169	         3.8707	        28.6395	      2635.7631	       537.8980	      1425.4767	       499.5397	
Median         	    179700.0000	         3.5348	        29.0000	      2127.0000	       435.0000	      1166.0000	       409.0000	
1st Quartile   	    119600.0000	         2.5625	        18.0000	      1447.0000	       295.0000	       787.0000	       280.0000	
3rd Quartile   	    264700.0000	         4.7431	        37.0000	      3148.0000	       647.0000	      1725.0000	       605.0000	
---------------------------------------------
Statistic	value          	income         	age            	rooms          	bedrooms       	pop            	hh             	
Min            	     14999.0000	         0.4999	         1.0000	         2.0000	         1.0000	         3.0000	         1.0000	
Max            	    500001.0000	        15.0001	        52.0000	     39320.0000	      6445.0000	     35682.0000	      6082.0000	
Mean           	    206855.8169	         3.8707	        28.6395	      2635.7631	       537.8980	      1425.4767	       499.5397	
Median         	    179700.0000	         3.5348	        29.0000	      2127.0000	       435.0000	      1166.0000	       409.0000	
1st Quartile   	    119600.0000	         2.5625	        18.0000	      1447.0000	       295.0000	       787.0000	       280.0000	
3rd Quartile   	    264700.0000	         4.7431	        37.0000	      3148.0000	       647.0000	      1725.0000	       605.0000	
---------------------------------------------
Statistic	value          	income         	age            	rooms          	bedrooms       	pop            	hh             	
Min            	     14999.0000	         0.4999	         1.0000	         2.0000	         1.0000	         3.0000	         1.0000	
Max            	    500001.0000	        15.0001	        52.0000	     39320.0000	      6445.0000	     35682.0000	      6082.0000	
Mean           	    206855.8169	         3.8707	        28.6395	      2635.7631	       537.8980	      1425.4767	       499.5397	
Median         	    179700.0000	         3.5348	        29.0000	      2127.0000	       435.0000	      1166.0000	       409.0000	
1st Quartile   	    119600.0000	         2.5625	        18.0000	      1447.0000	       295.0000	       787.0000	       280.0000	
3rd Quartile   	    264700.0000	         4.7431	        37.0000	      3148.0000	       647.0000	      1725.0000	       605.0000	
---------------------------------------------
Statistic	value          	income         	age            	rooms          	bedrooms       	pop            	hh             	
Min            	     14999.0000	         0.4999	         1.0000	         2.0000	         1.0000	         3.0000	         1.0000	
Max            	    500001.0000	        15.0001	        52.0000	     39320.0000	      6445.0000	     35682.0000	      6082.0000	
Mean           	    206855.8169	         3.8707	        28.6395	      2635.7631	       537.8980	      1425.4767	       499.5397	
Median         	    179700.0000	         3.5348	        29.0000	      2127.0000	       435.0000	      1166.0000	       409.0000	
1st Quartile   	    119600.0000	         2.5625	        18.0000	      1447.0000	       295.0000	       787.0000	       280.0000	
3rd Quartile   	    264700.0000	         4.7431	        37.0000	      3148.0000	       647.0000	      1725.0000	       605.0000	
---------------------------------------------
Statistic	value          	income         	age            	rooms          	bedrooms       	pop            	hh             	
Min            	     14999.0000	         0.4999	         1.0000	         2.0000	         1.0000	         3.0000	         1.0000	
Max            	    500001.0000	        15.0001	        52.0000	     39320.0000	      6445.0000	     35682.0000	      6082.0000	
Mean           	    206855.8169	         3.8707	        28.6395	      2635.7631	       537.8980	      1425.4767	       499.5397	
Median         	    179700.0000	         3.5348	        29.0000	      2127.0000	       435.0000	      1166.0000	       409.0000	
1st Quartile   	    119600.0000	         2.5625	        18.0000	      1447.0000	       295.0000	       787.0000	       280.0000	
3rd Quartile   	    264700.0000	         4.7431	        37.0000	      3148.0000	       647.0000	      1725.0000	       605.0000	
---------------------------------------------
Statistic	value          	income         	age            	rooms          	bedrooms       	pop            	hh             	
Min            	     14999.0000	         0.4999	         1.0000	         2.0000	         1.0000	         3.0000	         1.0000	
Max            	    500001.0000	        15.0001	        52.0000	     39320.0000	      6445.0000	     35682.0000	      6082.0000	
Mean           	    206855.8169	         3.8707	        28.6395	      2635.7631	       537.8980	      1425.4767	       499.5397	
Median         	    179700.0000	         3.5348	        29.0000	      2127.0000	       435.0000	      1166.0000	       409.0000	
1st Quartile   	    119600.0000	         2.5625	        18.0000	      1447.0000	       295.0000	       787.0000	       280.0000	
3rd Quartile   	    264700.0000	         4.7431	        37.0000	      3148.0000	       647.0000	      1725.0000	       605.0000	
---------------------------------------------
Statistic	value          	income         	age            	rooms          	bedrooms       	pop            	hh             	
Min            	     14999.0000	         0.4999	         1.0000	         2.0000	         1.0000	         3.0000	         1.0000	
Max            	    500001.0000	        15.0001	        52.0000	     39320.0000	      6445.0000	     35682.0000	      6082.0000	
Mean           	    206855.8169	         3.8707	        28.6395	      2635.7631	       537.8980	      1425.4767	       499.5397	
Median         	    179700.0000	         3.5348	        29.0000	      2127.0000	       435.0000	      1166.0000	       409.0000	
1st Quartile   	    119600.0000	         2.5625	        18.0000	      1447.0000	       295.0000	       787.0000	       280.0000	
3rd Quartile   	    264700.0000	         4.7431	        37.0000	      3148.0000	       647.0000	      1725.0000	       605.0000	
---------------------------------------------
Statistic	value          	income         	age            	rooms          	bedrooms       	pop            	hh             	
Min            	     14999.0000	         0.4999	         1.0000	         2.0000	         1.0000	         3.0000	         1.0000	
Max            	    500001.0000	        15.0001	        52.0000	     39320.0000	      6445.0000	     35682.0000	      6082.0000	
Mean           	    206855.8169	         3.8707	        28.6395	      2635.7631	       537.8980	      1425.4767	       499.5397	
Median         	    179700.0000	         3.5348	        29.0000	      2127.0000	       435.0000	      1166.0000	       409.0000	
1st Quartile   	    119600.0000	         2.5625	        18.0000	      1447.0000	       295.0000	       787.0000	       280.0000	
3rd Quartile   	    264700.0000	         4.7431	        37.0000	      3148.0000	       647.0000	      1725.0000	       605.0000	
---------------------------------------------
Statistic	value          	income         	age            	rooms          	bedrooms       	pop            	hh             	
Min            	     14999.0000	         0.4999	         1.0000	         2.0000	         1.0000	         3.0000	         1.0000	
Max            	    500001.0000	        15.0001	        52.0000	     39320.0000	      6445.0000	     35682.0000	      6082.0000	
Mean           	    206855.8169	         3.8707	        28.6395	      2635.7631	       537.8980	      1425.4767	       499.5397	
Median         	    179700.0000	         3.5348	        29.0000	      2127.0000	       435.0000	      1166.0000	       409.0000	
1st Quartile   	    119600.0000	         2.5625	        18.0000	      1447.0000	       295.0000	       787.0000	       280.0000	
3rd Quartile   	    264700.0000	         4.7431	        37.0000	      3148.0000	       647.0000	      1725.0000	       605.0000	
---------------------------------------------
Statistic	value          	income         	age            	rooms          	bedrooms       	pop            	hh             	
Min            	     14999.0000	         0.4999	         1.0000	         2.0000	         1.0000	         3.0000	         1.0000	
Max            	    500001.0000	        15.0001	        52.0000	     39320.0000	      6445.0000	     35682.0000	      6082.0000	
Mean           	    206855.8169	         3.8707	        28.6395	      2635.7631	       537.8980	      1425.4767	       499.5397	
Median         	    179700.0000	         3.5348	        29.0000	      2127.0000	       435.0000	      1166.0000	       409.0000	
1st Quartile   	    119600.0000	         2.5625	        18.0000	      1447.0000	       295.0000	       787.0000	       280.0000	
3rd Quartile   	    264700.0000	         4.7431	        37.0000	      3148.0000	       647.0000	      1725.0000	       605.0000	
---------------------------------------------
Statistic	value          	income         	age            	rooms          	bedrooms       	pop            	hh             	
Min            	     14999.0000	         0.4999	         1.0000	         2.0000	         1.0000	         3.0000	         1.0000	
Max            	    500001.0000	        15.0001	        52.0000	     39320.0000	      6445.0000	     35682.0000	      6082.0000	
Mean           	    206855.8169	         3.8707	        28.6395	      2635.7631	       537.8980	      1425.4767	       499.5397	
Median         	    179700.0000	         3.5348	        29.0000	      2127.0000	       435.0000	      1166.0000	       409.0000	
1st Quartile   	    119600.0000	         2.5625	        18.0000	      1447.0000	       295.0000	       787.0000	       280.0000	
3rd Quartile   	    264700.0000	         4.7431	        37.0000	      3148.0000	       647.0000	      1725.0000	       605.0000	
---------------------------------------------
Statistic	value          	income         	age            	rooms          	bedrooms       	pop            	hh             	
Min            	     14999.0000	         0.4999	         1.0000	         2.0000	         1.0000	         3.0000	         1.0000	
Max            	    500001.0000	        15.0001	        52.0000	     39320.0000	      6445.0000	     35682.0000	      6082.0000	
Mean           	    206855.8169	         3.8707	        28.6395	      2635.7631	       537.8980	      1425.4767	       499.5397	
Median         	    179700.0000	         3.5348	        29.0000	      2127.0000	       435.0000	      1166.0000	       409.0000	
1st Quartile   	    119600.0000	         2.5625	        18.0000	      1447.0000	       295.0000	       787.0000	       280.0000	
3rd Quartile   	    264700.0000	         4.7431	        37.0000	      3148.0000	       647.0000	      1725.0000	       605.0000	
---------------------------------------------
Statistic	value          	income         	age            	rooms          	bedrooms       	pop            	hh             	
Min            	     14999.0000	         0.4999	         1.0000	         2.0000	         1.0000	         3.0000	         1.0000	
Max            	    500001.0000	        15.0001	        52.0000	     39320.0000	      6445.0000	     35682.0000	      6082.0000	
Mean           	    206855.8169	         3.8707	        28.6395	      2635.7631	       537.8980	      1425.4767	       499.5397	
Median         	    179700.0000	         3.5348	        29.0000	      2127.0000	       435.0000	      1166.0000	       409.0000	
1st Quartile   	    119600.0000	         2.5625	        18.0000	      1447.0000	       295.0000	       787.0000	       280.0000	
3rd Quartile   	    264700.0000	         4.7431	        37.0000	      3148.0000	       647.0000	      1725.0000	       605.0000	
---------------------------------------------
Statistic	value          	income         	age            	rooms          	bedrooms       	pop            	hh             	
Min            	     14999.0000	         0.4999	         1.0000	         2.0000	         1.0000	         3.0000	         1.0000	
Max            	    500001.0000	        15.0001	        52.0000	     39320.0000	      6445.0000	     35682.0000	      6082.0000	
Mean           	    206855.8169	         3.8707	        28.6395	      2635.7631	       537.8980	      1425.4767	       499.5397	
Median         	    179700.0000	         3.5348	        29.0000	      2127.0000	       435.0000	      1166.0000	       409.0000	
1st Quartile   	    119600.0000	         2.5625	        18.0000	      1447.0000	       295.0000	       787.0000	       280.0000	
3rd Quartile   	    264700.0000	         4.7431	        37.0000	      3148.0000	       647.0000	      1725.0000	       605.0000	
---------------------------------------------
Statistic	value          	income         	age            	rooms          	bedrooms       	pop            	hh             	
Min            	     14999.0000	         0.4999	         1.0000	         2.0000	         1.0000	         3.0000	         1.0000	
Max            	    500001.0000	        15.0001	        52.0000	     39320.0000	      6445.0000	     35682.0000	      6082.0000	
Mean           	    206855.8169	         3.8707	        28.6395	      2635.7631	       537.8980	      1425.4767	       499.5397	
Median         	    179700.0000	         3.5348	        29.0000	      2127.0000	       435.0000	      1166.0000	       409.0000	
1st Quartile   	    119600.0000	         2.5625	        18.0000	      1447.0000	       295.0000	       787.0000	       280.0000	
3rd Quartile   	    264700.0000	         4.7431	        37.0000	      3148.0000	       647.0000	      1725.0000	       605.0000	
---------------------------------------------
Statistic	value          	income         	age            	rooms          	bedrooms       	pop            	hh             	
Min            	     14999.0000	         0.4999	         1.0000	         2.0000	         1.0000	         3.0000	         1.0000	
Max            	    500001.0000	        15.0001	        52.0000	     39320.0000	      6445.0000	     35682.0000	      6082.0000	
Mean           	    206855.8169	         3.8707	        28.6395	      2635.7631	       537.8980	      1425.4767	       499.5397	
Median         	    179700.0000	         3.5348	        29.0000	      2127.0000	       435.0000	      1166.0000	       409.0000	
1st Quartile   	    119600.0000	         2.5625	        18.0000	      1447.0000	       295.0000	       787.0000	       280.0000	
3rd Quartile   	    264700.0000	         4.7431	        37.0000	      3148.0000	       647.0000	      1725.0000	       605.0000	
---------------------------------------------
Statistic	value          	income         	age            	rooms          	bedrooms       	pop            	hh             	
Min            	     14999.0000	         0.4999	         1.0000	         2.0000	         1.0000	         3.0000	         1.0000	
Max            	    500001.0000	        15.0001	        52.0000	     39320.0000	      6445.0000	     35682.0000	      6082.0000	
Mean           	    206855.8169	         3.8707	        28.6395	      2635.7631	       537.8980	      1425.4767	       499.5397	
Median         	    179700.0000	         3.5348	        29.0000	      2127.0000	       435.0000	      1166.0000	       409.0000	
1st Quartile   	    119600.0000	         2.5625	        18.0000	      1447.0000	       295.0000	       787.0000	       280.0000	
3rd Quartile   	    264700.0000	         4.7431	        37.0000	      3148.0000	       647.0000	      1725.0000	       605.0000	
---------------------------------------------
Statistic	value          	income         	age            	rooms          	bedrooms       	pop            	hh             	
Min            	     14999.0000	         0.4999	         1.0000	         2.0000	         1.0000	         3.0000	         1.0000	
Max            	    500001.0000	        15.0001	        52.0000	     39320.0000	      6445.0000	     35682.0000	      6082.0000	
Mean           	    206855.8169	         3.8707	        28.6395	      2635.7631	       537.8980	      1425.4767	       499.5397	
Median         	    179700.0000	         3.5348	        29.0000	      2127.0000	       435.0000	      1166.0000	       409.0000	
1st Quartile   	    119600.0000	         2.5625	        18.0000	      1447.0000	       295.0000	       787.0000	       280.0000	
3rd Quartile   	    264700.0000	         4.7431	        37.0000	      3148.0000	       647.0000	      1725.0000	       605.0000	
---------------------------------------------
Statistic	value          	income         	age            	rooms          	bedrooms       	pop            	hh             	
Min            	     14999.0000	         0.4999	         1.0000	         2.0000	         1.0000	         3.0000	         1.0000	
Max            	    500001.0000	        15.0001	        52.0000	     39320.0000	      6445.0000	     35682.0000	      6082.0000	
Mean           	    206855.8169	         3.8707	        28.6395	      2635.7631	       537.8980	      1425.4767	       499.5397	
Median         	    179700.0000	         3.5348	        29.0000	      2127.0000	       435.0000	      1166.0000	       409.0000	
1st Quartile   	    119600.0000	         2.5625	        18.0000	      1447.0000	       295.0000	       787.0000	       280.0000	
3rd Quartile   	    264700.0000	         4.7431	        37.0000	      3148.0000	       647.0000	      1725.0000	       605.0000	
---------------------------------------------
Statistic	value          	income         	age            	rooms          	bedrooms       	pop            	hh             	
Min            	     14999.0000	         0.4999	         1.0000	         2.0000	         1.0000	         3.0000	         1.0000	
Max            	    500001.0000	        15.0001	        52.0000	     39320.0000	      6445.0000	     35682.0000	      6082.0000	
Mean           	    206855.8169	         3.8707	        28.6395	      2635.7631	       537.8980	      1425.4767	       499.5397	
Median         	    179700.0000	         3.5348	        29.0000	      2127.0000	       435.0000	      1166.0000	       409.0000	
1st Quartile   	    119600.0000	         2.5625	        18.0000	      1447.0000	       295.0000	       787.0000	       280.0000	
3rd Quartile   	    264700.0000	         4.7431	        37.0000	      3148.0000	       647.0000	      1725.0000	       605.0000	
---------------------------------------------
Statistic	value          	income         	age            	rooms          	bedrooms       	pop            	hh             	
Min            	     14999.0000	         0.4999	         1.0000	         2.0000	         1.0000	         3.0000	         1.0000	
Max            	    500001.0000	        15.0001	        52.0000	     39320.0000	      6445.0000	     35682.0000	      6082.0000	
Mean           	    206855.8169	         3.8707	        28.6395	      2635.7631	       537.8980	      1425.4767	       499.5397	
Median         	    179700.0000	         3.5348	        29.0000	      2127.0000	       435.0000	      1166.0000	       409.0000	
1st Quartile   	    119600.0000	         2.5625	        18.0000	      1447.0000	       295.0000	       787.0000	       280.0000	
3rd Quartile   	    264700.0000	         4.7431	        37.0000	      3148.0000	       647.0000	      1725.0000	       605.0000	
---------------------------------------------
Statistic	value          	income         	age            	rooms          	bedrooms       	pop            	hh             	
Min            	     14999.0000	         0.4999	         1.0000	         2.0000	         1.0000	         3.0000	         1.0000	
Max            	    500001.0000	        15.0001	        52.0000	     39320.0000	      6445.0000	     35682.0000	      6082.0000	
Mean           	    206855.8169	         3.8707	        28.6395	      2635.7631	       537.8980	      1425.4767	       499.5397	
Median         	    179700.0000	         3.5348	        29.0000	      2127.0000	       435.0000	      1166.0000	       409.0000	
1st Quartile   	    119600.0000	         2.5625	        18.0000	      1447.0000	       295.0000	       787.0000	       280.0000	
3rd Quartile   	    264700.0000	         4.7431	        37.0000	      3148.0000	       647.0000	      1725.0000	       605.0000	
---------------------------------------------
Statistic	value          	income         	age            	rooms          	bedrooms       	pop            	hh             	
Min            	     14999.0000	         0.4999	         1.0000	         2.0000	         1.0000	         3.0000	         1.0000	
Max            	    500001.0000	        15.0001	        52.0000	     39320.0000	      6445.0000	     35682.0000	      6082.0000	
Mean           	    206855.8169	         3.8707	        28.6395	      2635.7631	       537.8980	      1425.4767	       499.5397	
Median         	    179700.0000	         3.5348	        29.0000	      2127.0000	       435.0000	      1166.0000	       409.0000	
1st Quartile   	    119600.0000	         2.5625	        18.0000	      1447.0000	       295.0000	       787.0000	       280.0000	
3rd Quartile   	    264700.0000	         4.7431	        37.0000	      3148.0000	       647.0000	      1725.0000	       605.0000	
---------------------------------------------
Statistic	value          	income         	age            	rooms          	bedrooms       	pop            	hh             	
Min            	     14999.0000	         0.4999	         1.0000	         2.0000	         1.0000	         3.0000	         1.0000	
Max            	    500001.0000	        15.0001	        52.0000	     39320.0000	      6445.0000	     35682.0000	      6082.0000	
Mean           	    206855.8169	         3.8707	        28.6395	      2635.7631	       537.8980	      1425.4767	       499.5397	
Median         	    179700.0000	         3.5348	        29.0000	      2127.0000	       435.0000	      1166.0000	       409.0000	
1st Quartile   	    119600.0000	         2.5625	        18.0000	      1447.0000	       295.0000	       787.0000	       280.0000	
3rd Quartile   	    264700.0000	         4.7431	        37.0000	      3148.0000	       647.0000	      1725.0000	       605.0000	
---------------------------------------------
Statistic	value          	income         	age            	rooms          	bedrooms       	pop            	hh             	
Min            	     14999.0000	         0.4999	         1.0000	         2.0000	         1.0000	         3.0000	         1.0000	
Max            	    500001.0000	        15.0001	        52.0000	     39320.0000	      6445.0000	     35682.0000	      6082.0000	
Mean           	    206855.8169	         3.8707	        28.6395	      2635.7631	       537.8980	      1425.4767	       499.5397	
Median         	    179700.0000	         3.5348	        29.0000	      2127.0000	       435.0000	      1166.0000	       409.0000	
1st Quartile   	    119600.0000	         2.5625	        18.0000	      1447.0000	       295.0000	       787.0000	       280.0000	
3rd Quartile   	    264700.0000	         4.7431	        37.0000	      3148.0000	       647.0000	      1725.0000	       605.0000	
---------------------------------------------
Statistic	value          	income         	age            	rooms          	bedrooms       	pop            	hh             	
Min            	     14999.0000	         0.4999	         1.0000	         2.0000	         1.0000	         3.0000	         1.0000	
Max            	    500001.0000	        15.0001	        52.0000	     39320.0000	      6445.0000	     35682.0000	      6082.0000	
Mean           	    206855.8169	         3.8707	        28.6395	      2635.7631	       537.8980	      1425.4767	       499.5397	
Median         	    179700.0000	         3.5348	        29.0000	      2127.0000	       435.0000	      1166.0000	       409.0000	
1st Quartile   	    119600.0000	         2.5625	        18.0000	      1447.0000	       295.0000	       787.0000	       280.0000	
3rd Quartile   	    264700.0000	         4.7431	        37.0000	      3148.0000	       647.0000	      1725.0000	       605.0000	
---------------------------------------------
Statistic	value          	income         	age            	rooms          	bedrooms       	pop            	hh             	
Min            	     14999.0000	         0.4999	         1.0000	         2.0000	         1.0000	         3.0000	         1.0000	
Max            	    500001.0000	        15.0001	        52.0000	     39320.0000	      6445.0000	     35682.0000	      6082.0000	
Mean           	    206855.8169	         3.8707	        28.6395	      2635.7631	       537.8980	      1425.4767	       499.5397	
Median         	    179700.0000	         3.5348	        29.0000	      2127.0000	       435.0000	      1166.0000	       409.0000	
1st Quartile   	    119600.0000	         2.5625	        18.0000	      1447.0000	       295.0000	       787.0000	       280.0000	
3rd Quartile   	    264700.0000	         4.7431	        37.0000	      3148.0000	       647.0000	      1725.0000	       605.0000	
---------------------------------------------
Statistic	value          	income         	age            	rooms          	bedrooms       	pop            	hh             	
Min            	     14999.0000	         0.4999	         1.0000	         2.0000	         1.0000	         3.0000	         1.0000	
Max            	    500001.0000	        15.0001	        52.0000	     39320.0000	      6445.0000	     35682.0000	      6082.0000	
Mean           	    206855.8169	         3.8707	        28.6395	      2635.7631	       537.8980	      1425.4767	       499.5397	
Median         	    179700.0000	         3.5348	        29.0000	      2127.0000	       435.0000	      1166.0000	       409.0000	
1st Quartile   	    119600.0000	         2.5625	        18.0000	      1447.0000	       295.0000	       787.0000	       280.0000	
3rd Quartile   	    264700.0000	         4.7431	        37.0000	      3148.0000	       647.0000	      1725.0000	       605.0000	
---------------------------------------------
Statistic	value          	income         	age            	rooms          	bedrooms       	pop            	hh             	
Min            	     14999.0000	         0.4999	         1.0000	         2.0000	         1.0000	         3.0000	         1.0000	
Max            	    500001.0000	        15.0001	        52.0000	     39320.0000	      6445.0000	     35682.0000	      6082.0000	
Mean           	    206855.8169	         3.8707	        28.6395	      2635.7631	       537.8980	      1425.4767	       499.5397	
Median         	    179700.0000	         3.5348	        29.0000	      2127.0000	       435.0000	      1166.0000	       409.0000	
1st Quartile   	    119600.0000	         2.5625	        18.0000	      1447.0000	       295.0000	       787.0000	       280.0000	
3rd Quartile   	    264700.0000	         4.7431	        37.0000	      3148.0000	       647.0000	      1725.0000	       605.0000	
---------------------------------------------
Statistic	value          	income         	age            	rooms          	bedrooms       	pop            	hh             	
Min            	     14999.0000	         0.4999	         1.0000	         2.0000	         1.0000	         3.0000	         1.0000	
Max            	    500001.0000	        15.0001	        52.0000	     39320.0000	      6445.0000	     35682.0000	      6082.0000	
Mean           	    206855.8169	         3.8707	        28.6395	      2635.7631	       537.8980	      1425.4767	       499.5397	
Median         	    179700.0000	         3.5348	        29.0000	      2127.0000	       435.0000	      1166.0000	       409.0000	
1st Quartile   	    119600.0000	         2.5625	        18.0000	      1447.0000	       295.0000	       787.0000	       280.0000	
3rd Quartile   	    264700.0000	         4.7431	        37.0000	      3148.0000	       647.0000	      1725.0000	       605.0000	
---------------------------------------------
Statistic	value          	income         	age            	rooms          	bedrooms       	pop            	hh             	
Min            	     14999.0000	         0.4999	         1.0000	         2.0000	         1.0000	         3.0000	         1.0000	
Max            	    500001.0000	        15.0001	        52.0000	     39320.0000	      6445.0000	     35682.0000	      6082.0000	
Mean           	    206855.8169	         3.8707	        28.6395	      2635.7631	       537.8980	      1425.4767	       499.5397	
Median         	    179700.0000	         3.5348	        29.0000	      2127.0000	       435.0000	      1166.0000	       409.0000	
1st Quartile   	    119600.0000	         2.5625	        18.0000	      1447.0000	       295.0000	       787.0000	       280.0000	
3rd Quartile   	    264700.0000	         4.7431	        37.0000	      3148.0000	       647.0000	      1725.0000	       605.0000	
---------------------------------------------
Statistic	value          	income         	age            	rooms          	bedrooms       	pop            	hh             	
Min            	     14999.0000	         0.4999	         1.0000	         2.0000	         1.0000	         3.0000	         1.0000	
Max            	    500001.0000	        15.0001	        52.0000	     39320.0000	      6445.0000	     35682.0000	      6082.0000	
Mean           	    206855.8169	         3.8707	        28.6395	      2635.7631	       537.8980	      1425.4767	       499.5397	
Median         	    179700.0000	         3.5348	        29.0000	      2127.0000	       435.0000	      1166.0000	       409.0000	
1st Quartile   	    119600.0000	         2.5625	        18.0000	      1447.0000	       295.0000	       787.0000	       280.0000	
3rd Quartile   	    264700.0000	         4.7431	        37.0000	      3148.0000	       647.0000	      1725.0000	       605.0000	
---------------------------------------------
Statistic	value          	income         	age            	rooms          	bedrooms       	pop            	hh             	
Min            	     14999.0000	         0.4999	         1.0000	         2.0000	         1.0000	         3.0000	         1.0000	
Max            	    500001.0000	        15.0001	        52.0000	     39320.0000	      6445.0000	     35682.0000	      6082.0000	
Mean           	    206855.8169	         3.8707	        28.6395	      2635.7631	       537.8980	      1425.4767	       499.5397	
Median         	    179700.0000	         3.5348	        29.0000	      2127.0000	       435.0000	      1166.0000	       409.0000	
1st Quartile   	    119600.0000	         2.5625	        18.0000	      1447.0000	       295.0000	       787.0000	       280.0000	
3rd Quartile   	    264700.0000	         4.7431	        37.0000	      3148.0000	       647.0000	      1725.0000	       605.0000	
---------------------------------------------
Statistic	value          	income         	age            	rooms          	bedrooms       	pop            	hh             	
Min            	     14999.0000	         0.4999	         1.0000	         2.0000	         1.0000	         3.0000	         1.0000	
Max            	    500001.0000	        15.0001	        52.0000	     39320.0000	      6445.0000	     35682.0000	      6082.0000	
Mean           	    206855.8169	         3.8707	        28.6395	      2635.7631	       537.8980	      1425.4767	       499.5397	
Median         	    179700.0000	         3.5348	        29.0000	      2127.0000	       435.0000	      1166.0000	       409.0000	
1st Quartile   	    119600.0000	         2.5625	        18.0000	      1447.0000	       295.0000	       787.0000	       280.0000	
3rd Quartile   	    264700.0000	         4.7431	        37.0000	      3148.0000	       647.0000	      1725.0000	       605.0000	
---------------------------------------------
Statistic	value          	income         	age            	rooms          	bedrooms       	pop            	hh             	
Min            	     14999.0000	         0.4999	         1.0000	         2.0000	         1.0000	         3.0000	         1.0000	
Max            	    500001.0000	        15.0001	        52.0000	     39320.0000	      6445.0000	     35682.0000	      6082.0000	
Mean           	    206855.8169	         3.8707	        28.6395	      2635.7631	       537.8980	      1425.4767	       499.5397	
Median         	    179700.0000	         3.5348	        29.0000	      2127.0000	       435.0000	      1166.0000	       409.0000	
1st Quartile   	    119600.0000	         2.5625	        18.0000	      1447.0000	       295.0000	       787.0000	       280.0000	
3rd Quartile   	    264700.0000	         4.7431	        37.0000	      3148.0000	       647.0000	      1725.0000	       605.0000	
---------------------------------------------
Statistic	value          	income         	age            	rooms          	bedrooms       	pop            	hh             	
Min            	     14999.0000	         0.4999	         1.0000	         2.0000	         1.0000	         3.0000	         1.0000	
Max            	    500001.0000	        15.0001	        52.0000	     39320.0000	      6445.0000	     35682.0000	      6082.0000	
Mean           	    206855.8169	         3.8707	        28.6395	      2635.7631	       537.8980	      1425.4767	       499.5397	
Median         	    179700.0000	         3.5348	        29.0000	      2127.0000	       435.0000	      1166.0000	       409.0000	
1st Quartile   	    119600.0000	         2.5625	        18.0000	      1447.0000	       295.0000	       787.0000	       280.0000	
3rd Quartile   	    264700.0000	         4.7431	        37.0000	      3148.0000	       647.0000	      1725.0000	       605.0000	
---------------------------------------------
Statistic	value          	income         	age            	rooms          	bedrooms       	pop            	hh             	
Min            	     14999.0000	         0.4999	         1.0000	         2.0000	         1.0000	         3.0000	         1.0000	
Max            	    500001.0000	        15.0001	        52.0000	     39320.0000	      6445.0000	     35682.0000	      6082.0000	
Mean           	    206855.8169	         3.8707	        28.6395	      2635.7631	       537.8980	      1425.4767	       499.5397	
Median         	    179700.0000	         3.5348	        29.0000	      2127.0000	       435.0000	      1166.0000	       409.0000	
1st Quartile   	    119600.0000	         2.5625	        18.0000	      1447.0000	       295.0000	       787.0000	       280.0000	
3rd Quartile   	    264700.0000	         4.7431	        37.0000	      3148.0000	       647.0000	      1725.0000	       605.0000	
---------------------------------------------
Statistic	value          	income         	age            	rooms          	bedrooms       	pop            	hh             	
Min            	     14999.0000	         0.4999	         1.0000	         2.0000	         1.0000	         3.0000	         1.0000	
Max            	    500001.0000	        15.0001	        52.0000	     39320.0000	      6445.0000	     35682.0000	      6082.0000	
Mean           	    206855.8169	         3.8707	        28.6395	      2635.7631	       537.8980	      1425.4767	       499.5397	
Median         	    179700.0000	         3.5348	        29.0000	      2127.0000	       435.0000	      1166.0000	       409.0000	
1st Quartile   	    119600.0000	         2.5625	        18.0000	      1447.0000	       295.0000	       787.0000	       280.0000	
3rd Quartile   	    264700.0000	         4.7431	        37.0000	      3148.0000	       647.0000	      1725.0000	       605.0000	
---------------------------------------------
Statistic	value          	income         	age            	rooms          	bedrooms       	pop            	hh             	
Min            	     14999.0000	         0.4999	         1.0000	         2.0000	         1.0000	         3.0000	         1.0000	
Max            	    500001.0000	        15.0001	        52.0000	     39320.0000	      6445.0000	     35682.0000	      6082.0000	
Mean           	    206855.8169	         3.8707	        28.6395	      2635.7631	       537.8980	      1425.4767	       499.5397	
Median         	    179700.0000	         3.5348	        29.0000	      2127.0000	       435.0000	      1166.0000	       409.0000	
1st Quartile   	    119600.0000	         2.5625	        18.0000	      1447.0000	       295.0000	       787.0000	       280.0000	
3rd Quartile   	    264700.0000	         4.7431	        37.0000	      3148.0000	       647.0000	      1725.0000	       605.0000	
---------------------------------------------
Statistic	value          	income         	age            	rooms          	bedrooms       	pop            	hh             	
Min            	     14999.0000	         0.4999	         1.0000	         2.0000	         1.0000	         3.0000	         1.0000	
Max            	    500001.0000	        15.0001	        52.0000	     39320.0000	      6445.0000	     35682.0000	      6082.0000	
Mean           	    206855.8169	         3.8707	        28.6395	      2635.7631	       537.8980	      1425.4767	       499.5397	
Median         	    179700.0000	         3.5348	        29.0000	      2127.0000	       435.0000	      1166.0000	       409.0000	
1st Quartile   	    119600.0000	         2.5625	        18.0000	      1447.0000	       295.0000	       787.0000	       280.0000	
3rd Quartile   	    264700.0000	         4.7431	        37.0000	      3148.0000	       647.0000	      1725.0000	       605.0000	
---------------------------------------------
Statistic	value          	income         	age            	rooms          	bedrooms       	pop            	hh             	
Min            	     14999.0000	         0.4999	         1.0000	         2.0000	         1.0000	         3.0000	         1.0000	
Max            	    500001.0000	        15.0001	        52.0000	     39320.0000	      6445.0000	     35682.0000	      6082.0000	
Mean           	    206855.8169	         3.8707	        28.6395	      2635.7631	       537.8980	      1425.4767	       499.5397	
Median         	    179700.0000	         3.5348	        29.0000	      2127.0000	       435.0000	      1166.0000	       409.0000	
1st Quartile   	    119600.0000	         2.5625	        18.0000	      1447.0000	       295.0000	       787.0000	       280.0000	
3rd Quartile   	    264700.0000	         4.7431	        37.0000	      3148.0000	       647.0000	      1725.0000	       605.0000	
---------------------------------------------
Statistic	value          	income         	age            	rooms          	bedrooms       	pop            	hh             	
Min            	     14999.0000	         0.4999	         1.0000	         2.0000	         1.0000	         3.0000	         1.0000	
Max            	    500001.0000	        15.0001	        52.0000	     39320.0000	      6445.0000	     35682.0000	      6082.0000	
Mean           	    206855.8169	         3.8707	        28.6395	      2635.7631	       537.8980	      1425.4767	       499.5397	
Median         	    179700.0000	         3.5348	        29.0000	      2127.0000	       435.0000	      1166.0000	       409.0000	
1st Quartile   	    119600.0000	         2.5625	        18.0000	      1447.0000	       295.0000	       787.0000	       280.0000	
3rd Quartile   	    264700.0000	         4.7431	        37.0000	      3148.0000	       647.0000	      1725.0000	       605.0000	
---------------------------------------------
Statistic	value          	income         	age            	rooms          	bedrooms       	pop            	hh             	
Min            	     14999.0000	         0.4999	         1.0000	         2.0000	         1.0000	         3.0000	         1.0000	
Max            	    500001.0000	        15.0001	        52.0000	     39320.0000	      6445.0000	     35682.0000	      6082.0000	
Mean           	    206855.8169	         3.8707	        28.6395	      2635.7631	       537.8980	      1425.4767	       499.5397	
Median         	    179700.0000	         3.5348	        29.0000	      2127.0000	       435.0000	      1166.0000	       409.0000	
1st Quartile   	    119600.0000	         2.5625	        18.0000	      1447.0000	       295.0000	       787.0000	       280.0000	
3rd Quartile   	    264700.0000	         4.7431	        37.0000	      3148.0000	       647.0000	      1725.0000	       605.0000	
---------------------------------------------
Statistic	value          	income         	age            	rooms          	bedrooms       	pop            	hh             	
Min            	     14999.0000	         0.4999	         1.0000	         2.0000	         1.0000	         3.0000	         1.0000	
Max            	    500001.0000	        15.0001	        52.0000	     39320.0000	      6445.0000	     35682.0000	      6082.0000	
Mean           	    206855.8169	         3.8707	        28.6395	      2635.7631	       537.8980	      1425.4767	       499.5397	
Median         	    179700.0000	         3.5348	        29.0000	      2127.0000	       435.0000	      1166.0000	       409.0000	
1st Quartile   	    119600.0000	         2.5625	        18.0000	      1447.0000	       295.0000	       787.0000	       280.0000	
3rd Quartile   	    264700.0000	         4.7431	        37.0000	      3148.0000	       647.0000	      1725.0000	       605.0000	
---------------------------------------------
Statistic	value          	income         	age            	rooms          	bedrooms       	pop            	hh             	
Min            	     14999.0000	         0.4999	         1.0000	         2.0000	         1.0000	         3.0000	         1.0000	
Max            	    500001.0000	        15.0001	        52.0000	     39320.0000	      6445.0000	     35682.0000	      6082.0000	
Mean           	    206855.8169	         3.8707	        28.6395	      2635.7631	       537.8980	      1425.4767	       499.5397	
Median         	    179700.0000	         3.5348	        29.0000	      2127.0000	       435.0000	      1166.0000	       409.0000	
1st Quartile   	    119600.0000	         2.5625	        18.0000	      1447.0000	       295.0000	       787.0000	       280.0000	
3rd Quartile   	    264700.0000	         4.7431	        37.0000	      3148.0000	       647.0000	      1725.0000	       605.0000	
---------------------------------------------
Statistic	value          	income         	age            	rooms          	bedrooms       	pop            	hh             	
Min            	     14999.0000	         0.4999	         1.0000	         2.0000	         1.0000	         3.0000	         1.0000	
Max            	    500001.0000	        15.0001	        52.0000	     39320.0000	      6445.0000	     35682.0000	      6082.0000	
Mean           	    206855.8169	         3.8707	        28.6395	      2635.7631	       537.8980	      1425.4767	       499.5397	
Median         	    179700.0000	         3.5348	        29.0000	      2127.0000	       435.0000	      1166.0000	       409.0000	
1st Quartile   	    119600.0000	         2.5625	        18.0000	      1447.0000	       295.0000	       787.0000	       280.0000	
3rd Quartile   	    264700.0000	         4.7431	        37.0000	      3148.0000	       647.0000	      1725.0000	       605.0000	
---------------------------------------------
Statistic	value          	income         	age            	rooms          	bedrooms       	pop            	hh             	
Min            	     14999.0000	         0.4999	         1.0000	         2.0000	         1.0000	         3.0000	         1.0000	
Max            	    500001.0000	        15.0001	        52.0000	     39320.0000	      6445.0000	     35682.0000	      6082.0000	
Mean           	    206855.8169	         3.8707	        28.6395	      2635.7631	       537.8980	      1425.4767	       499.5397	
Median         	    179700.0000	         3.5348	        29.0000	      2127.0000	       435.0000	      1166.0000	       409.0000	
1st Quartile   	    119600.0000	         2.5625	        18.0000	      1447.0000	       295.0000	       787.0000	       280.0000	
3rd Quartile   	    264700.0000	         4.7431	        37.0000	      3148.0000	       647.0000	      1725.0000	       605.0000	
---------------------------------------------
Statistic	value          	income         	age            	rooms          	bedrooms       	pop            	hh             	
Min            	     14999.0000	         0.4999	         1.0000	         2.0000	         1.0000	         3.0000	         1.0000	
Max            	    500001.0000	        15.0001	        52.0000	     39320.0000	      6445.0000	     35682.0000	      6082.0000	
Mean           	    206855.8169	         3.8707	        28.6395	      2635.7631	       537.8980	      1425.4767	       499.5397	
Median         	    179700.0000	         3.5348	        29.0000	      2127.0000	       435.0000	      1166.0000	       409.0000	
1st Quartile   	    119600.0000	         2.5625	        18.0000	      1447.0000	       295.0000	       787.0000	       280.0000	
3rd Quartile   	    264700.0000	         4.7431	        37.0000	      3148.0000	       647.0000	      1725.0000	       605.0000	
---------------------------------------------
Statistic	value          	income         	age            	rooms          	bedrooms       	pop            	hh             	
Min            	     14999.0000	         0.4999	         1.0000	         2.0000	         1.0000	         3.0000	         1.0000	
Max            	    500001.0000	        15.0001	        52.0000	     39320.0000	      6445.0000	     35682.0000	      6082.0000	
Mean           	    206855.8169	         3.8707	        28.6395	      2635.7631	       537.8980	      1425.4767	       499.5397	
Median         	    179700.0000	         3.5348	        29.0000	      2127.0000	       435.0000	      1166.0000	       409.0000	
1st Quartile   	    119600.0000	         2.5625	        18.0000	      1447.0000	       295.0000	       787.0000	       280.0000	
3rd Quartile   	    264700.0000	         4.7431	        37.0000	      3148.0000	       647.0000	      1725.0000	       605.0000	
---------------------------------------------
Statistic	value          	income         	age            	rooms          	bedrooms       	pop            	hh             	
Min            	     14999.0000	         0.4999	         1.0000	         2.0000	         1.0000	         3.0000	         1.0000	
Max            	    500001.0000	        15.0001	        52.0000	     39320.0000	      6445.0000	     35682.0000	      6082.0000	
Mean           	    206855.8169	         3.8707	        28.6395	      2635.7631	       537.8980	      1425.4767	       499.5397	
Median         	    179700.0000	         3.5348	        29.0000	      2127.0000	       435.0000	      1166.0000	       409.0000	
1st Quartile   	    119600.0000	         2.5625	        18.0000	      1447.0000	       295.0000	       787.0000	       280.0000	
3rd Quartile   	    264700.0000	         4.7431	        37.0000	      3148.0000	       647.0000	      1725.0000	       605.0000	
---------------------------------------------
Statistic	value          	income         	age            	rooms          	bedrooms       	pop            	hh             	
Min            	     14999.0000	         0.4999	         1.0000	         2.0000	         1.0000	         3.0000	         1.0000	
Max            	    500001.0000	        15.0001	        52.0000	     39320.0000	      6445.0000	     35682.0000	      6082.0000	
Mean           	    206855.8169	         3.8707	        28.6395	      2635.7631	       537.8980	      1425.4767	       499.5397	
Median         	    179700.0000	         3.5348	        29.0000	      2127.0000	       435.0000	      1166.0000	       409.0000	
1st Quartile   	    119600.0000	         2.5625	        18.0000	      1447.0000	       295.0000	       787.0000	       280.0000	
3rd Quartile   	    264700.0000	         4.7431	        37.0000	      3148.0000	       647.0000	      1725.0000	       605.0000	
---------------------------------------------
Statistic	value          	income         	age            	rooms          	bedrooms       	pop            	hh             	
Min            	     14999.0000	         0.4999	         1.0000	         2.0000	         1.0000	         3.0000	         1.0000	
Max            	    500001.0000	        15.0001	        52.0000	     39320.0000	      6445.0000	     35682.0000	      6082.0000	
Mean           	    206855.8169	         3.8707	        28.6395	      2635.7631	       537.8980	      1425.4767	       499.5397	
Median         	    179700.0000	         3.5348	        29.0000	      2127.0000	       435.0000	      1166.0000	       409.0000	
1st Quartile   	    119600.0000	         2.5625	        18.0000	      1447.0000	       295.0000	       787.0000	       280.0000	
3rd Quartile   	    264700.0000	         4.7431	        37.0000	      3148.0000	       647.0000	      1725.0000	       605.0000	
---------------------------------------------
Statistic	value          	income         	age            	rooms          	bedrooms       	pop            	hh             	
Min            	     14999.0000	         0.4999	         1.0000	         2.0000	         1.0000	         3.0000	         1.0000	
Max            	    500001.0000	        15.0001	        52.0000	     39320.0000	      6445.0000	     35682.0000	      6082.0000	
Mean           	    206855.8169	         3.8707	        28.6395	      2635.7631	       537.8980	      1425.4767	       499.5397	
Median         	    179700.0000	         3.5348	        29.0000	      2127.0000	       435.0000	      1166.0000	       409.0000	
1st Quartile   	    119600.0000	         2.5625	        18.0000	      1447.0000	       295.0000	       787.0000	       280.0000	
3rd Quartile   	    264700.0000	         4.7431	        37.0000	      3148.0000	       647.0000	      1725.0000	       605.0000	
---------------------------------------------
Statistic	value          	income         	age            	rooms          	bedrooms       	pop            	hh             	
Min            	     14999.0000	         0.4999	         1.0000	         2.0000	         1.0000	         3.0000	         1.0000	
Max            	    500001.0000	        15.0001	        52.0000	     39320.0000	      6445.0000	     35682.0000	      6082.0000	
Mean           	    206855.8169	         3.8707	        28.6395	      2635.7631	       537.8980	      1425.4767	       499.5397	
Median         	    179700.0000	         3.5348	        29.0000	      2127.0000	       435.0000	      1166.0000	       409.0000	
1st Quartile   	    119600.0000	         2.5625	        18.0000	      1447.0000	       295.0000	       787.0000	       280.0000	
3rd Quartile   	    264700.0000	         4.7431	        37.0000	      3148.0000	       647.0000	      1725.0000	       605.0000	
---------------------------------------------
Statistic	value          	income         	age            	rooms          	bedrooms       	pop            	hh             	
Min            	     14999.0000	         0.4999	         1.0000	         2.0000	         1.0000	         3.0000	         1.0000	
Max            	    500001.0000	        15.0001	        52.0000	     39320.0000	      6445.0000	     35682.0000	      6082.0000	
Mean           	    206855.8169	         3.8707	        28.6395	      2635.7631	       537.8980	      1425.4767	       499.5397	
Median         	    179700.0000	         3.5348	        29.0000	      2127.0000	       435.0000	      1166.0000	       409.0000	
1st Quartile   	    119600.0000	         2.5625	        18.0000	      1447.0000	       295.0000	       787.0000	       280.0000	
3rd Quartile   	    264700.0000	         4.7431	        37.0000	      3148.0000	       647.0000	      1725.0000	       605.0000	
---------------------------------------------
Statistic	value          	income         	age            	rooms          	bedrooms       	pop            	hh             	
Min            	     14999.0000	         0.4999	         1.0000	         2.0000	         1.0000	         3.0000	         1.0000	
Max            	    500001.0000	        15.0001	        52.0000	     39320.0000	      6445.0000	     35682.0000	      6082.0000	
Mean           	    206855.8169	         3.8707	        28.6395	      2635.7631	       537.8980	      1425.4767	       499.5397	
Median         	    179700.0000	         3.5348	        29.0000	      2127.0000	       435.0000	      1166.0000	       409.0000	
1st Quartile   	    119600.0000	         2.5625	        18.0000	      1447.0000	       295.0000	       787.0000	       280.0000	
3rd Quartile   	    264700.0000	         4.7431	        37.0000	      3148.0000	       647.0000	      1725.0000	       605.0000	
---------------------------------------------
